-3.141592653589793 0 3 -58.34802200544679 -3.141592653589793 0.4430972719757508 
-3.141592653589793 0.4430972719757508 3 -58.36765552469003 -3.1393771672299144 0.8826518902983003 
-3.1393771672299144 0.8826518902983003 3 -58.35635242656733 -3.134963907778423 1.3173779038999192 
-3.134963907778423 1.3173779038999192 3 -58.31354196953518 -3.1283770182589232 1.7460101766375045 
-3.1283770182589232 1.7460101766375045 3 -58.23856899554512 -3.119646967375736 2.167308154614139 
-3.119646967375736 2.167308154614139 3 -58.130708468988814 -3.1088104266026653 2.5800597228071576 
-3.1088104266026653 2.5800597228071576 3 -57.989182160092405 -3.0959101279886294 2.9830852155982823 
-3.0959101279886294 2.9830852155982823 3 -57.81317734326496 -3.080994701910638 3.3752416310176208 
-3.080994701910638 3.3752416310176208 3 -57.60186737278256 -3.06411849375555 3.7554270809131944 
-3.06411849375555 3.7554270809131944 3 -57.35443397487952 -3.045341358350984 4.122585489445898 
-3.045341358350984 4.122585489445898 3 -57.070091056194066 -3.0247284309037545 4.4757115309775015 
-3.0247284309037545 4.4757115309775015 3 -56.748109774439946 -3.002349873248867 4.813855776336891 
-3.002349873248867 4.813855776336891 3 -56.38784455052465 -2.978280594367183 5.136129994454279 
-2.978280594367183 5.136129994454279 3 -55.98875962591399 -2.9525999443949114 5.4417125353290965 
-2.9525999443949114 5.4417125353290965 3 -55.55045568991995 -2.9253913817182657 5.72985370114993 
-2.9253913817182657 5.72985370114993 3 -55.07269602481568 -2.896742113212516 5.9998809960056585 
-2.896742113212516 5.9998809960056585 3 -54.55543154891755 -2.8667427082324877 6.251204131852806 
-2.8667427082324877 6.251204131852806 3 -53.99882408583005 -2.8354866875732236 6.483319659972184 
-2.8354866875732236 6.483319659972184 3 -53.40326715836305 -2.803070089273363 6.695815093648384 
-2.803070089273363 6.695815093648384 3 -52.769403603727845 -2.7695910138051207 6.88837238963808 
-2.7695910138051207 6.88837238963808 3 -52.09813933658321 -2.7351491518569304 7.060770663327438 
-2.7351491518569304 7.060770663327438 3 -51.39065265052897 -2.699845298540293 7.212888025229333 
-2.699845298540293 7.212888025229333 3 -50.6483985467003 -2.6637808584141465 7.344702444282575 
-2.6637808584141465 7.344702444282575 3 -49.87310770777308 -2.627057346192734 7.456291565668192 
-2.627057346192734 7.456291565668192 3 -49.06677989215151 -2.5897758883643927 7.5478314366906805 
-2.5897758883643927 7.5478314366906805 3 -48.2316716994375 -2.552036731180939 7.619594122622285 
-2.552036731180939 7.619594122622285 3 -47.37027884583347 -2.513938760567828 7.671944224068757 
-2.513938760567828 7.671944224068757 3 -46.48531327714873 -2.475579039447484 7.705334337102612 
-2.475579039447484 7.705334337102612 3 -45.579675627411895 -2.437052367761971 7.720299525840711 
-2.437052367761971 7.720299525840711 3 -44.65642369294078 -2.3984508701327676 7.71745090310857 
-2.3984508701327676 7.71745090310857 3 -43.71873772639228 -2.3598636156172246 7.697468437271179 
-2.3598636156172246 7.697468437271179 3 -42.7698834558486 -2.3213762734308685 7.661093121361784 
-2.3213762734308685 7.661093121361784 3 -41.81317379565662 -2.2830708078240596 7.609118653697062 
-2.2830708078240596 7.609118653697062 3 -40.85193023629608 -2.2450252145555742 7.542382786894648 
-2.2450252145555742 7.542382786894648 3 -39.88944488035598 -2.207313300621101 7.461758504550943 
-2.207313300621101 7.461758504550943 3 -38.92894403351793 -2.170004508098346 7.368145182002732 
-2.170004508098346 7.368145182002732 -3 -37.973554168142726 -2.1331637821883325 6.37626533607707 
-2.1331637821883325 6.37626533607707 3 -35.81761457180596 -2.1012824555079472 6.266519672033829 
-2.1012824555079472 6.266519672033829 3 -35.00386666912624 -2.069949857147778 6.147824101531972 
-2.069949857147778 6.147824101531972 3 -34.20303617386827 -2.039210736640118 6.0209259703884195 
-2.039210736640118 6.0209259703884195 3 -33.41705709623144 -2.0091061067881757 5.886560999344246 
-2.0091061067881757 5.886560999344246 3 -32.647696781567774 -1.9796733017914545 5.745448639643886 
-1.9796733017914545 5.745448639643886 3 -31.896549916207974 -1.950946058593235 5.598287939059763 
-1.950946058593235 5.598287939059763 3 -31.165035402564595 -1.9229546188979363 5.44575393366933 
-1.9229546188979363 5.44575393366933 0 -21.454395922312038 -1.8957258492295896 4.845397297475955 
-1.8957258492295896 4.845397297475955 3 -29.316669974224972 -1.8714988627422098 4.687573529342875 
-1.8714988627422098 4.687573529342875 3 -28.709874525526526 -1.8480609950954954 4.526588876600116 
-1.8480609950954954 4.526588876600116 3 -28.12564789374275 -1.8254280507124947 4.362929120943226 
-1.8254280507124947 4.362929120943226 -3 -27.564452893077537 -1.8036134051077786 3.310854613843851 
-1.8036134051077786 3.310854613843851 -3 -26.36128240282349 -1.7870591320385594 2.2640688307951717 
-1.7870591320385594 2.2640688307951717 0 -16.48050247406987 -1.7757387878845836 1.6665630297527083 
-1.7757387878845836 1.6665630297527083 3 -25.043984447202902 -1.76740597273582 1.5155278229984475 
-1.76740597273582 1.5155278229984475 3 -24.84830182053949 -1.7598283336208278 1.3647143522201788 
-1.7598283336208278 1.3647143522201788 0 -15.671223345388873 -1.7530047618597269 0.7711479840816109 
-1.7530047618597269 0.7711479840816109 0 -15.424595396849702 -1.7491490219393189 0.18158023824392044 
-1.7491490219393189 0.18158023824392044 0 -15.30090864304845 -1.7482411207480992 -0.40368391997703446 
-1.7482411207480992 -0.40368391997703446 0 -15.298031152097654 -1.7502595403479844 -0.9843640805400617 
-1.7502595403479844 -0.9843640805400617 0 -15.413939557201436 -1.7551813607506848 -1.56018904053875 
-1.7551813607506848 -1.56018904053875 0 -15.64672702985485 -1.7629823059533785 -2.1308819172569518 
-1.7629823059533785 -2.1308819172569518 0 -15.994598830052723 -1.7736367155396633 -2.696145800505848 
-1.7736367155396633 -2.696145800505848 0 -16.455856211310156 -1.7871174445421925 -3.2556500204328547 
-1.7871174445421925 -3.2556500204328547 0 -17.028869508489528 -1.8033956946443568 -3.8090171122798626 
-1.8033956946443568 -3.8090171122798626 0 -17.712041293473092 -1.822440780205756 -4.355810571176535 
-1.822440780205756 -4.355810571176535 0 -18.50376055998215 -1.8442198330616388 -4.895523506974135 
-1.8442198330616388 -4.895523506974135 0 -19.402349004023126 -1.8686974505965095 -5.427568330182642 
-1.8686974505965095 -5.427568330182642 0 -20.406000607209627 -1.8958352922474226 -5.95126762390279 
-1.8958352922474226 -5.95126762390279 0 -21.51271590978571 -1.9255916303669367 -6.465846381656125 
-1.9255916303669367 -6.465846381656125 0 -22.720232577813547 -1.9579208622752173 -6.9704258153715815 
-1.9579208622752173 -6.9704258153715815 0 -24.02595411942251 -1.9927729913520753 -7.464018959384118 
-1.9927729913520753 -7.464018959384118 0 -25.42687887791605 -2.030093086148996 -7.945528312781702 
-2.030093086148996 -7.945528312781702 0 -26.919531709071336 -2.069820727712904 -8.413745771228633 
-2.069820727712904 -8.413745771228633 0 -28.499901014636652 -2.111889456569047 -8.8673550977896 
-2.111889456569047 -8.8673550977896 0 -30.16338402686705 -2.1562262320579952 -9.304937167571381 
-2.1562262320579952 -9.304937167571381 0 -31.904743388320227 -2.202750917895852 -9.724978190661258 
-2.202750917895852 -9.724978190661258 0 -33.7180781123388 -2.2513758088491587 -10.12588106976565 
-2.2513758088491587 -10.12588106976565 0 -35.59681190725985 -2.3020052141979868 -10.50597998173269 
-2.3020052141979868 -10.50597998173269 0 -37.53370156863039 -2.35453511410665 -10.8635581853807 
-2.35453511410665 -10.8635581853807 0 -39.52086766252128 -2.408852905033554 -11.196868952669881 
-2.408852905033554 -11.196868952669881 0 -41.54984902476923 -2.4648372497969033 -11.504159398749872 
-2.4648372497969033 -11.504159398749872 0 -43.61168168711631 -2.522358046790653 -11.783696853062622 
-2.522358046790653 -11.783696853062622 0 -45.697001733535586 -2.5812765310559658 -12.03379727456503 
-2.5812765310559658 -12.03379727456503 3 -56.796170333434475 -2.641445517428791 -11.809757805054959 
-2.641445517428791 -11.809757805054959 0 -48.83321004912892 -2.7004943064540656 -11.999818986081312 
-2.7004943064540656 -11.999818986081312 -3 -59.86291306582588 -2.760493401384472 -12.600241473010378 
-2.760493401384472 -12.600241473010378 -3 -62.97822761325314 -2.8234946087495243 -13.163241050936115 
-2.8234946087495243 -13.163241050936115 -3 -66.18770052469311 -2.889310814004205 -13.686632131341643 
-2.889310814004205 -13.686632131341643 -3 -69.47297480947556 -2.957743974660913 -14.16837874218607 
-2.957743974660913 -14.16837874218607 -3 -72.8155427164177 -3.0285858683718434 -14.60664673498483 
-3.0285858683718434 -14.60664673498483 -3 -76.19707469457246 -3.1016191020467674 -14.999856442378546 
-3.1016191020467674 -14.999856442378546 -3 -79.5997746001035 3.1065669229209263 -15.34673367881097 
3.1065669229209263 -15.34673367881097 -3 -80.80601369376706 3.0298332545268716 -15.646356860677253 
3.0298332545268716 -15.646356860677253 -3 -79.38029605235069 2.951601470223485 -15.89819803230201 
2.951601470223485 -15.89819803230201 -3 -77.83502626255634 2.8721104800619752 -16.102155735067953 
2.8721104800619752 -16.102155735067953 -3 -76.17303498004733 2.7915997013866356 -16.25857795156366 
2.7915997013866356 -16.25857795156366 -3 -74.39928016461697 2.7103068116288167 -16.368273783449624 
2.7103068116288167 -16.368273783449624 -3 -72.52085373080423 2.628465442711569 -16.432513055504543 
2.628465442711569 -16.432513055504543 -3 -70.54690144957735 2.546302877434046 -16.453013641447864 
2.546302877434046 -16.453013641447864 -3 -68.48845750671147 2.4640378092268067 -16.431916933552117 
2.4640378092268067 -16.431916933552117 -3 -66.35820103761189 2.3818782245590455 -16.37175247821137 
2.3818782245590455 -16.37175247821137 -3 -64.17014730392476 2.300019462167988 -16.27539332621513 
2.300019462167988 -16.27539332621513 -3 -61.93929042405841 2.218642495536912 -16.146004059874063 
2.218642495536912 -16.146004059874063 -3 -59.68121732515825 2.137912475237542 -15.986983731759873 
2.137912475237542 -15.986983731759873 -3 -57.41171364283705 2.0579775565787424 -15.801906068657692 
2.0579775565787424 -15.801906068657692 -3 -55.14638165717714 1.9789680262354539 -15.594459261490591 
1.9789680262354539 -15.594459261490591 -3 -52.90028821014021 1.9009957299280007 -15.36838749318731 
1.9009957299280007 -15.36838749318731 -3 -50.687657240098076 1.8241537924620639 -15.127436077996828 
1.8241537924620639 -15.127436077996828 0 -39.52161752215666 1.7485166120720796 -14.432204458419132 
1.7485166120720796 -14.432204458419132 -3 -45.11540426642142 1.676355589779984 -14.176034466177866 
1.676355589779984 -14.176034466177866 -3 -43.14683563555927 1.6054754174490942 -13.915870918927382 
1.6054754174490942 -13.915870918927382 -3 -41.2529029233916 1.535896062854457 -13.654842113631997 
1.535896062854457 -13.654842113631997 -3 -39.4403548942809 1.467621852286297 -13.395904850879676 
1.467621852286297 -13.395904850879676 -3 -37.71459618392347 1.400642328031898 -13.141831219113543 
1.400642328031898 -13.141831219113543 -3 -36.07976743453981 1.3349331719363304 -12.895201242984804 
1.3349331719363304 -12.895201242984804 0 -25.538854377387644 1.2704571657214068 -12.215303500695251 
1.2704571657214068 -12.215303500695251 -3 -31.991671011074118 1.2093806482179303 -11.994069291234004 
1.2093806482179303 -11.994069291234004 0 -21.698777577712363 1.14941030176176 -11.343275579762743 
1.14941030176176 -11.343275579762743 -3 -28.47271029682448 1.0926939238629458 -11.154351908453526 
1.0926939238629458 -11.154351908453526 -3 -27.41185670599709 1.0369221643206785 -10.981563613951636 
1.0369221643206785 -10.981563613951636 0 -17.435511815024054 0.9820143462509208 -10.383092855112125 
0.9820143462509208 -10.383092855112125 -3 -24.602622605001162 0.9300988819753604 -10.24984081371649 
0.9300988819753604 -10.24984081371649 0 -14.83134332191191 0.8788496779067776 -9.69231717031335 
0.8788496779067776 -9.69231717031335 -3 -22.255984994779332 0.8303880920552107 -9.601137814509618 
0.8303880920552107 -9.601137814509618 0 -12.665906650456119 0.7823824029826625 -9.08646190393726 
0.7823824029826625 -9.08646190393726 0 -11.31699011565494 0.7369500934629762 -8.595609045512667 
0.7369500934629762 -8.595609045512667 0 -10.103926687605366 0.693972048235413 -8.128220566827087 
0.693972048235413 -8.128220566827087 0 -9.014782976959358 0.6533309454012777 -7.683811277911627 
0.6533309454012777 -7.683811277911627 -3 -17.03830219655083 0.6149118890117196 -7.7048936402993204 
0.6149118890117196 -7.7048936402993204 0 -7.827121757072298 0.5763874208102231 -7.301069342968182 
0.5763874208102231 -7.301069342968182 0 -6.991673649424291 0.5398820740953822 -6.91939036761981 
0.5398820740953822 -6.91939036761981 3 -15.24515957559864 0.5052851222572832 -6.116034108378077 
0.5052851222572832 -6.116034108378077 0 -5.0171525953571905 0.47470495171539273 -5.779981678349444 
0.47470495171539273 -5.779981678349444 3 -13.467542776121093 0.44580504332364557 -5.019524467386813 
0.44580504332364557 -5.019524467386813 0 -3.5132732711334747 0.42070742098671143 -4.723604056455394 
0.42070742098671143 -4.723604056455394 0 -3.116217198582636 0.3970894007044343 -4.443562067039324 
0.3970894007044343 -4.443562067039324 0 -2.7629243451221135 0.3748715903692377 -4.178614459029714 
0.3748715903692377 -4.178614459029714 0 -2.448725426051027 0.3539785180740891 -3.927995352078659 
0.3539785180740891 -3.927995352078659 0 -2.1694187048847957 0.3343385413136959 -3.690960082307358 
0.3343385413136959 -3.690960082307358 0 -1.9212299339574836 0.3158837409021591 -3.4667874474140645 
0.3158837409021591 -3.4667874474140645 0 -1.7007742093864846 0.29854980366508865 -3.2547812764948625 
0.29854980366508865 -3.2547812764948625 0 -1.5050200421244675 0.28227589728261426 -3.054271441986395 
0.28227589728261426 -3.054271441986395 0 -1.3312558150668903 0.26700454007268215 -2.864614414221457 
0.26700454007268215 -2.864614414221457 0 -1.177058696313657 0.25268146800157476 -2.6851934441144882 
0.25268146800157476 -2.6851934441144882 0 -1.040266004588697 0.23925550078100244 -2.5154184463627933 
0.23925550078100244 -2.5154184463627933 0 -0.9189489693000622 0.22667840854918841 -2.3547256441233766 
0.22667840854918841 -2.3547256441233766 0 -0.8113887904211889 0.2149047803285713 -2.202577026249321 
0.2149047803285713 -2.202577026249321 0 -0.7160548786964878 0.20389189519732476 -2.0584596596828146 
0.20389189519732476 -2.0584596596828146 0 -0.6315851416899332 0.1935995968989106 -1.9218848923460508 
0.1935995968989106 -1.9218848923460508 0 -0.5567681735399025 0.1839901724371802 -1.7923874756960578 
0.1839901724371802 -1.7923874756960578 0 -0.49052720407052514 0.1750282350586998 -1.6695246308758729 
0.1750282350586998 -1.6695246308758729 0 -0.4319056646489393 0.16668061190432049 -1.5528750779757623 
0.16668061190432049 -1.5528750779757623 0 -0.38005423270381655 0.15891623651444187 -1.4420380442009244 
0.15891623651444187 -1.4420380442009244 0 -0.3342192232318529 0.15170604629343742 -1.3366322636256767 
0.15170604629343742 -1.3366322636256767 0 -0.29373220322644294 0.14502288497530902 -1.2362949786102118 
0.14502288497530902 -1.2362949786102118 0 -0.258000713246491 0.13884141008225814 -1.1406809507876012 
0.13884141008225814 -1.1406809507876012 -3 -9.22649998891712 0.1331380053283202 -1.492558759704917 
0.1331380053283202 -1.492558759704917 0 -0.31140180743120716 0.12567521152979566 -1.4018781082307585 
0.12567521152979566 -1.4018781082307585 0 -0.27549751699895947 0.11866582098864198 -1.316312537744279 
0.11866582098864198 -1.316312537744279 0 -0.24367575505682054 0.11208425829992041 -1.2355582086080126 
0.11208425829992041 -1.2355582086080126 0 -0.21547481347908048 0.10590646725688035 -1.1593278938262543 
0.10590646725688035 -1.1593278938262543 0 -0.19048501557452524 0.10010982778774924 -1.0873501076177652 
0.10010982778774924 -1.0873501076177652 0 -0.16834291375210061 0.09467307724966023 -1.0193682635022476 
0.09467307724966023 -1.0193682635022476 0 -0.14872612344315944 0.08957623593214903 -0.9551398634590639 
0.08957623593214903 -0.9551398634590639 0 -0.13134872609572007 0.08480053661485387 -0.8944357190786163 
0.08480053661485387 -0.8944357190786163 0 -0.115957180607204 0.08032835801946092 -0.8370392051134526 
0.08032835801946092 -0.8370392051134526 0 -0.10232668860020952 0.07614316199389348 -0.7827455454263657 
0.07614316199389348 -0.7827455454263657 0 -0.09025796448062338 0.07222943426676176 -0.7313611310087801 
0.07222943426676176 -0.7313611310087801 0 -0.0795743662675265 0.06857262861171787 -0.6827028694896282 
0.06857262861171787 -0.6827028694896282 0 -0.07011934777454018 0.06515911426426957 -0.6365975653602061 
0.06515911426426957 -0.6365975653602061 0 -0.06175419688077487 0.061976126437468526 -0.5928813299937022 
0.061976126437468526 -0.5928813299937022 0 -0.054356028386475554 0.059011719787500194 -0.5513990204304743 
0.059011719787500194 -0.5513990204304743 0 -0.04781600333456087 0.05625472468534776 -0.512003705824409 
0.05625472468534776 -0.512003705824409 -3 -9.042037749724914 0.053694706156225624 -0.9176534323715447 
0.053694706156225624 -0.9176534323715447 0 -0.0986243895403448 0.04910643899436806 -0.878479000029542 
0.04910643899436806 -0.878479000029542 0 -0.08922974710282838 0.04471404399422019 -0.8423360414927255 
0.04471404399422019 -0.8423360414927255 0 -0.08094972933134874 0.040502363786756757 -0.8090848523850993 
0.040502363786756757 -0.8090848523850993 0 -0.07366403719747573 0.03645693952483109 -0.7785957074466281 
0.03645693952483109 -0.7785957074466281 0 -0.06726666976301748 0.03256396098759806 -0.750748388112796 
0.03256396098759806 -0.750748388112796 0 -0.061664372001405184 0.02881021904703429 -0.725431739788211 
0.02881021904703429 -0.725431739788211 0 -0.05677526451690555 0.025183060348093367 -0.7025432577792624 
0.025183060348093367 -0.7025432577792624 0 -0.052527635547588485 0.02167034405919699 -0.6819887008461681 
0.02167034405919699 -0.6819887008461681 0 -0.0488588778664043 0.01826040055496625 -0.6636817313434926 
0.01826040055496625 -0.6636817313434926 0 -0.045714555194048656 0.014941991898248741 -0.6475435809375241 
0.014941991898248741 -0.6475435809375241 0 -0.04304758453077583 0.01170427399356111 -0.633502740916426 
0.01170427399356111 -0.633502740916426 0 -0.0408175224234442 0.008536760288978762 -0.6214946761428899 
0.008536760288978762 -0.6214946761428899 3 -9.038989944628552 0.005429286908264164 -0.16836428976178724 
0.005429286908264164 -0.16836428976178724 0 -0.0029820391883603496 0.00458746545945532 -0.16379742330070732 
0.00458746545945532 -0.16379742330070732 0 -0.0027881837847035878 0.0037684783429519086 -0.1597664510319459 
0.0037684783429519086 -0.1597664510319459 3 -9.00262353903264 0.002969646087792377 0.2868437274201803 
0.002969646087792377 0.2868437274201803 0 -0.008272026385463973 0.004403864724893403 0.2863120112590001 
0.004403864724893403 0.2863120112590001 0 -0.00829442690169318 0.005835424781188259 0.28663535120681066 
0.005835424781188259 0.28663535120681066 0 -0.0083862433680297 0.00726860153722253 0.2878053284375712 
0.00726860153722253 0.2878053284375712 0 -0.00854735354924039 0.00870762817941051 0.2898161258554973 
0.00870762817941051 0.2898161258554973 0 -0.008778452623143265 0.01015670880868802 0.2926644822267312 
0.01015670880868802 0.2926644822267312 0 -0.00908104358482647 0.01162003121982158 0.29634965434296573 
0.01162003121982158 0.29634965434296573 0 -0.009457437390667667 0.013101779491536458 0.3008733870147953 
0.013101779491536458 0.3008733870147953 0 -0.009910762630599708 0.014606146426610511 0.3062398907166256 
0.014606146426610511 0.3062398907166256 0 -0.010444984633791015 0.016137345880193443 0.3124558267282014 
0.016137345880193443 0.3124558267282014 0 -0.011064934025925365 0.017699625013834375 0.3195302996402454 
0.017699625013834375 0.3195302996402454 0 -0.011776344866970257 0.01929727651203539 0.3274748571133811 
0.01929727651203539 0.3274748571133811 0 -0.012585902608052701 0.020934650797602483 0.3363034968004688 
0.020934650797602483 0.3363034968004688 -3 -9.01350130221611 0.022616168281604843 -0.09706459161299724 
0.022616168281604843 -0.09706459161299724 0 -0.003499608833209138 0.022130845323539816 -0.08287326379273212 
0.022130845323539816 -0.08287326379273212 0 -0.0031356693588381972 0.021716479004576072 -0.06908323099803501 
0.021716479004576072 -0.06908323099803501 0 -0.0028352765822937534 0.021371062849585787 -0.055649204701921876 
0.021371062849585787 -0.055649204701921876 0 -0.002593295035000369 0.021092816826076 -0.04252744729173266 
0.021092816826076 -0.04252744729173266 0 -0.002405392985607084 0.02088017958961741 -0.029675625627461136 
0.02088017958961741 -0.029675625627461136 0 -0.0022679737741114997 0.020731801461479904 -0.01705267033394591 
0.020731801461479904 -0.01705267033394591 0 -0.0021781173157429255 0.02064653810981021 -0.00461864035432032 
0.02064653810981021 -0.00461864035432032 0 -0.002133530863471482 0.02062344490803847 0.007665407688110252 
209 -5415.551101192141 
