-3.141592653589793 0 -3 
-3.141592653589793 -0.443097271975751 -3 
3.139377167229915 -0.8826518902983006 -3 
3.134963907778424 -1.3173779038999196 -3 
3.1283770182589237 -1.7460101766375056 -3 
3.1196469673757363 -2.1673081546141404 0 
3.108810426602666 -2.1369624508314082 -3 
3.0981256143485094 -2.543530597275735 -3 
3.0854079613621312 -2.940514312763563 -3 
3.070705389798313 -3.326789077650922 -3 
3.0540714444100585 -3.7012712768848224 -3 
3.035565088025635 -4.062922831757803 -3 
3.015250473866846 -4.410756044631932 -3 
2.9931966936436867 -4.743838625817344 -3 
2.9694775005146 -5.0612988510197825 0 
2.9441710062595003 -4.919233505995045 0 
2.9195748387295257 -4.763547542583843 -3 
2.8957571010166063 -5.03793265082226 -3 
2.870567437762495 -5.296379928134316 0 
2.8440855381218233 -5.095217126124246 -3 
2.818609452491202 -5.3236811800290695 -3 
2.7919910465910567 -5.535927531426579 -3 
2.7643114089339242 -5.731571250684654 -3 
2.7356535526805015 -5.910303647511672 -3 
2.706102034442943 -6.071894104321664 -3 
2.675742563921335 -6.216191287995624 -3 
2.644661607481357 -6.343123682110357 0 
2.6129459890708056 -6.0096021227784115 -3 
2.5828979784569137 -6.10545059396839 -3 
2.552370725487071 -6.185278262456764 -3 
2.521444334174787 -6.249260717707433 0 
2.4901980305862494 -5.854541850770149 -3 
2.4609253213323985 -5.891162390162265 -3 
2.4314695093815875 -5.913836691806138 -3 
2.401900325922557 -5.92291376075696 -3 
2.372285757118772 -5.918788154663597 0 
2.3426918163454538 -5.4587984112207515 -3 
2.3153978242893505 -5.433154229491265 -3 
2.2882320531418943 -5.3965813868813495 0 
2.2612491462074873 -4.906444948244779 -3 
2.2367169214662628 -4.8529647216030485 -3 
2.2124520978582476 -4.790781976041242 -3 
2.188498187978041 -4.720341943018891 0 
2.1648964782629463 -4.1989999626984105 0 
2.143901478449454 -3.6738527558220846 0 
2.1255322146703435 -3.146041369725864 0 
2.109802007821714 -2.6166255056235235 -3 
2.0967188802935963 -2.529687207280982 0 
2.0840704442571916 -1.9964067174666864 0 
2.0740884106698587 -1.4636642961071922 0 
2.0667700891893226 -0.9322993746563887 0 
2.06210859231604 -0.403102853449942 0 
2.0600930780487907 0.12317293581857225 0 
2.0607089427278833 0.6458040663435429 0 
2.063937963059601 1.164084840419767 0 
2.0697583872617002 1.6773177768505632 -3 
2.0781449761459534 1.7417066534935075 0 
2.0868535094134213 2.246279045853323 0 
2.098084904642688 2.744287640602728 0 
2.1118063428457017 3.2349943323450088 0 
2.1279813145074264 3.7176336766141214 -3 
2.146569482890497 3.7483090168504836 -3 
2.1653110279747487 3.772821430844765 0 
2.1841751351289727 4.234094589784085 0 
2.2053456080778933 4.685324770952761 0 
2.2287722319326573 5.125609845760274 0 
2.254400281161459 5.554005952284087 0 
2.2821703109228793 5.969526858051294 0 
2.3120179452131353 6.371144883186182 0 
2.3438736696290663 6.7577934686442145 0 
2.3776626369722873 7.128371450580469 0 
2.41330449422519 7.481749072093889 0 
2.4507132395856592 7.81677572744563 0 
2.489797118222887 8.132289391572659 3 
2.5304585651807496 8.870224911959223 3 
2.5748096897405457 9.582792002430734 3 
2.6227236497526993 10.267786412230263 3 
2.6740625818138506 10.922968671644194 3 
2.728677425172071 11.546089747859783 0 
2.7864078739113705 11.691825459870001 0 
2.844867001210721 11.804648122121156 3 
2.903890241821327 12.326817450606853 0 
2.965524329074361 12.367948277631712 0 
3.0273640704625198 12.372972874534957 3 
3.0892289348351945 12.784761387806391 0 
-3.13003256540536 12.713593738965573 3 
-3.066464596710532 13.048185667189196 3 
-3.001223668374586 13.342434274526866 3 
-2.9345114970019517 13.595859185173802 3 
-2.8665322010760828 13.808285674207559 3 
-2.797490772705045 13.979860597144487 3 
-2.727591469719323 14.111061602156374 3 
-2.657036161708541 14.202699040133435 3 
-2.5860226665078736 14.255910307273467 3 
-2.5147431149715063 14.272146695599062 3 
-2.443382381493511 14.25315316536229 3 
-2.3721166156666995 14.200941766184211 3 
-2.3011119068357786 14.117759699759576 3 
-2.2305231083369805 14.006053219173175 0 
-2.1604928422411147 13.425331415401592 3 
-2.0933661851641068 13.26805754760556 3 
-2.027025897426079 13.091023292812686 3 
-1.9615707809620155 12.89690743203519 3 
-1.8970862438018397 12.688389236682514 3 
-1.833644297618427 12.468117291648024 3 
-1.771303711160187 12.238681771739266 3 
-1.7101103023014907 12.002590584840426 3 
-1.6500973493772886 11.762249608340563 3 
-1.5912861013355857 11.51994707464802 3 
-1.5336863659623456 11.27784201393732 3 
-1.477297155892659 11.037956541763212 -3 
-1.422107373183843 9.915977143454437 3 
-1.3725274874665707 9.69311715857684 3 
-1.3240619016736865 9.47711525581503 3 
-1.2766763253946114 9.26918417550869 3 
-1.230330404517068 9.070424289147377 3 
-1.1849782830713311 8.881830600006284 3 
-1.1405691300712997 8.704300553632587 3 
-1.0970476273031364 8.538642408453429 0 
-1.0543544152608693 7.942486677233515 0 
-1.0146419818747017 7.363129468130781 0 
-0.9778263345340479 6.800440839253362 3 
-0.9438241303377812 6.697216879091131 3 
-0.9103380459423258 6.6063724179579175 0 
-0.8773061838525362 6.085078670058123 0 
-0.8468807905022455 5.5802274080754755 3 
-0.8189796534618683 5.53425655560772 3 
-0.7913083706838298 5.499787312859656 0 
-0.7638094341195316 5.033871898608276 0 
-0.7386400746264901 4.583306302786771 3 
-0.7157235431125564 4.590352451083101 0 
-0.6927717808571408 4.164400628475555 3 
-0.6719497777147629 4.195327781201193 3 
-0.650973138808757 4.235593770358355 3 
-0.629795169956965 4.285357000673427 0 
-0.6083683849535979 3.9016989484153823 0 
-0.5888598902115207 3.531459988143932 3 
-0.5712025902708011 3.6168388401415106 3 
-0.5531183960700936 3.71029647941658 3 
-0.5345669136730109 3.8120837605588442 3 
-0.5155064948702166 3.922474503211365 3 
-0.49589412235415953 4.041766571074703 0 
-0.4756852894987862 3.7271857130511687 0 
-0.4570493609335302 3.4257211754623498 3 
-0.4399207550562183 3.5796386731602676 3 
-0.42202256169041696 3.741481652251986 0 
-0.403315153429157 3.4685800024493623 0 
-0.3859722534169103 3.2080261580168674 0 
-0.36993212262682595 2.9590527580861017 3 
-0.3551368588363957 3.164010922419711 0 
-0.3393168042242971 2.9324394520914963 3 
-0.32465460696383985 3.1546413502211776 3 
-0.308881400212734 3.3832896367050465 0 
-0.2919649520292089 3.175903951793727 0 
-0.2760854322702402 2.979761997717833 0 
-0.261186622281651 2.794230819144935 3 
-0.2472154681859262 3.061801506647612 0 
-0.23190646065268794 2.8921572385377363 0 
-0.21744567445999907 2.7326915214366356 -3 
-0.20378221685281606 2.1397662762606386 0 
-0.19308338547151305 2.0026051624868306 0 
-0.1830703596590788 1.8727628932014018 3 
-0.17370654519307172 2.1928911920649554 0 
-0.16274208923274713 2.0728293831450677 -3 
-0.15237794231702173 1.517042733056586 3 
-0.14479272865173876 1.8579663155540693 3 
-0.13550289707396823 2.2006142726758573 0 
-0.12449982571058893 2.1028823019142275 0 
-0.11398541420101793 2.0124038763723995 0 
-0.10392339481915602 1.928841909950441 0 
-0.0942791852694036 1.8518816357498957 3 
-0.085019777090654 2.2243270159093376 -3 
-0.07389814201110712 1.7130708862117756 0 
-0.06533278758004801 1.6555763798416077 0 
-0.05705490568084004 1.6036103919624976 -3 
-0.04903685372102773 1.1138640312485575 3 
-0.043467533564784944 1.5189776229000986 -3 
-0.035872645450284235 1.0379580128309238 3 
-0.03068285538612958 1.4514807003472392 -3 
-0.02342545188439349 0.978579637451708 0 
-0.0185325536971348 0.9568604578403784 0 
-0.013748251407932788 0.9382168632773294 -3 
-0.009057167091546248 0.47946283954566793 -3 
-0.006659852893817764 0.027159321773412126 0 
-0.0065240562849506745 0.022991431954945334 0 
-0.006409099125175732 0.018937421126462132 0 
-0.006314412019543525 0.014984016696144003 0 
-0.00623949193606288 0.011118389931921753 0 
-0.00618389998640323 0.007328113051897321 0 
-0.0061472594211435805 0.0036011179734812904 0 
189 -5562.811253264139 
