-3.141592653589793 0 -3 -58.34802200544679 -3.141592653589793 -0.443097271975751 
-3.141592653589793 -0.443097271975751 -3 -58.36765552469003 3.139377167229915 -0.8826518902983006 
3.139377167229915 -0.8826518902983006 -3 -58.356352426567334 3.134963907778424 -1.3173779038999196 
3.134963907778424 -1.3173779038999196 -3 -58.3135419695352 3.1283770182589237 -1.7460101766375056 
3.1283770182589237 -1.7460101766375056 -3 -58.238568995545144 3.1196469673757363 -2.1673081546141404 
3.1196469673757363 -2.1673081546141404 -3 -58.130708468988836 3.108810426602666 -2.5800597228071593 
3.108810426602666 -2.5800597228071593 -3 -57.98918216009244 3.0959101279886303 -2.983085215598285 
3.0959101279886303 -2.983085215598285 -3 -57.81317734326499 3.0809947019106385 -3.375241631017624 
3.0809947019106385 -3.375241631017624 0 -48.601867372782564 3.064118493755551 -3.312329808937447 
3.064118493755551 -3.312329808937447 0 -48.04126359519149 3.047556844710863 -3.2399335991476015 
3.047556844710863 -3.2399335991476015 -3 -56.48773058140872 3.031357176715125 -3.6014249557378437 
3.031357176715125 -3.6014249557378437 -3 -56.242657835292604 3.0133500519364365 -3.9504662922453173 
3.0133500519364365 -3.9504662922453173 -3 -55.96201107014326 2.9935977204752096 -4.286110732874577 
2.9935977204752096 -4.286110732874577 -3 -55.64521108161812 2.972167166810836 -4.607465877122633 
2.972167166810836 -4.607465877122633 -3 -55.291762518226705 2.9491298374252235 -4.91369865306266 
2.9491298374252235 -4.91369865306266 -3 -54.901277435269606 2.92456134415991 -5.204040182278622 
2.92456134415991 -5.204040182278622 -3 -54.47349870064915 2.898541143248517 -5.477790574385732 
2.898541143248517 -5.477790574385732 -3 -54.008322753205015 2.8711521903765878 -5.734323556086766 
2.8711521903765878 -5.734323556086766 0 -44.50582116611055 2.8424805725961537 -5.529993557923104 
2.8424805725961537 -5.529993557923104 -3 -52.456561902999894 2.814830604806538 -5.75407143329849 
2.814830604806538 -5.75407143329849 -3 -51.92729047472787 2.7860602476400453 -5.960752290089665 
2.7860602476400453 -5.960752290089665 -3 -51.363715303781476 2.7562564861895975 -6.149697581304351 
2.7562564861895975 -6.149697581304351 -3 -50.766627122461195 2.725507998283076 -6.320651812257069 
2.725507998283076 -6.320651812257069 -3 -50.13703317670396 2.693904739221791 -6.473444148251408 
2.693904739221791 -6.473444148251408 0 -40.47616163406117 2.661537518480534 -6.164892011040561 
2.661537518480534 -6.164892011040561 0 -39.219499162176774 2.6307130584253313 -5.841635619939549 
2.6307130584253313 -5.841635619939549 -3 -47.015726650462454 2.601504880325633 -5.9479748004682875 
2.601504880325633 -5.9479748004682875 0 -37.37697863449101 2.5717650063232913 -5.595377816912698 
2.5717650063232913 -5.595377816912698 3 -45.20070153014506 2.543788117238728 -4.787508554193176 
2.543788117238728 -4.787508554193176 0 -34.64631374267205 2.519850574467762 -4.41534853564025 
2.519850574467762 -4.41534853564025 -3 -42.697764857345604 2.4977738317895604 -4.477620479967051 
2.4977738317895604 -4.477620479967051 -3 -42.19927909012555 2.475385729389725 -4.528833987498197 
2.475385729389725 -4.528833987498197 0 -32.68870627496338 2.4527415594522335 -4.126008514908583 
2.4527415594522335 -4.126008514908583 0 -31.782100413830683 2.432111516877691 -3.7159379399749364 
2.432111516877691 -3.7159379399749364 0 -30.956651630020026 2.413531827177816 -3.2997792624109827 
2.413531827177816 -3.2997792624109827 0 -30.214533722065188 2.3970329308657607 -2.8786527321772177 
2.3970329308657607 -2.8786527321772177 3 -38.55749851352164 2.3826396672048746 -2.0105439304364374 
2.3826396672048746 -2.0105439304364374 0 -28.78908760831226 2.3725869475526924 -1.5862359362812193 
2.3725869475526924 -1.5862359362812193 0 -28.397458563042008 2.3646557678712865 -1.1610142133650243 
2.3646557678712865 -1.1610142133650243 -3 -37.09277990299828 2.3588506968044616 -1.1789215160337783 
2.3588506968044616 -1.1789215160337783 0 -27.959868643171205 2.3529560892242927 -0.7511398166013978 
2.3529560892242927 -0.7511398166013978 0 -27.738432891496785 2.349200390141286 -0.32430642229496004 
2.349200390141286 -0.32430642229496004 -3 -36.604229830754036 2.347578858029811 -0.3424155929350031 
2.347578858029811 -0.3424155929350031 0 -27.567357317171265 2.345866780065136 0.08339215220330898 
2.345866780065136 0.08339215220330898 0 -27.51615017417076 2.346283740826152 0.5065068107415726 
2.346283740826152 0.5065068107415726 0 -27.550891877258568 2.3488162748798604 0.9260654563118147 
2.3488162748798604 0.9260654563118147 0 -27.67044918863992 2.3534466021614193 1.3412165412310013 
2.3534466021614193 1.3412165412310013 3 -36.87344072717282 2.3601526848675745 2.194213249395221 
2.3601526848675745 2.194213249395221 0 -28.333060657820255 2.371123751114551 2.594478093619057 
2.371123751114551 2.594478093619057 0 -28.78427087332461 2.3840961415826456 2.9868974554882914 
2.3840961415826456 2.9868974554882914 0 -29.311727702506534 2.3990306288600873 3.3706225561627 
2.3990306288600873 3.3706225561627 3 -38.912849432655406 2.4158837416409007 4.187894826287548 
2.4158837416409007 4.187894826287548 3 -39.93631757322879 2.436823215772339 4.991210570169527 
2.436823215772339 4.991210570169527 0 -32.18175522021242 2.4617792686231867 5.3356288945444135 
2.4617792686231867 5.3356288945444135 3 -42.148679407144286 2.488457413095909 6.108994808983481 
2.488457413095909 6.108994808983481 0 -34.694083241578625 2.5190023871408265 6.420641207423813 
2.5190023871408265 6.420641207423813 3 -44.84932848355278 2.5511055931779456 7.158336724450138 
2.5511055931779456 7.158336724450138 0 -37.66487720378014 2.5868972768001957 7.431390285850252 
2.5868972768001957 7.431390285850252 0 -38.98274376164429 2.624054228229447 7.684415824267116 
2.624054228229447 7.684415824267116 3 -49.33332761946888 2.662476307350783 8.359566963584374 
2.662476307350783 8.359566963584374 3 -51.432136417886426 2.704274142168705 9.009300511991007 
2.704274142168705 9.009300511991007 3 -53.68224275154758 2.7493206447286607 9.631603344024585 
2.7493206447286607 9.631603344024585 3 -56.07059833531865 2.7974786614487837 10.224476312594723 
2.7974786614487837 10.224476312594723 3 -58.58342589298745 2.848601043011757 10.785957972496703 
2.848601043011757 10.785957972496703 3 -61.206328449684875 2.902530832874241 11.314152418740518 
2.902530832874241 11.314152418740518 3 -63.924430674377376 2.959101594967944 11.8072606096276 
2.959101594967944 11.8072606096276 3 -66.72255155707549 3.0181378980160822 12.263614328590698 
3.0181378980160822 12.263614328590698 3 -69.58540549724619 3.079455969659035 12.68171173553473 
3.079455969659035 12.68171173553473 0 -63.49782659966327 -3.1403207788428773 12.617156011370117 
-3.1403207788428773 12.617156011370117 0 -65.22733555168699 -3.0772349987860266 12.515524754343973 
-3.0772349987860266 12.515524754343973 0 -63.010712176427866 -3.014657375014307 12.377308504677002 
-3.014657375014307 12.377308504677002 3 -69.76057202563572 -2.9527708324909216 12.646347841420381 
-2.9527708324909216 12.646347841420381 3 -68.58728931866544 -2.88953909328382 12.876986040136815 
-2.88953909328382 12.876986040136815 3 -67.32885780586524 -2.825154163083136 13.069183530280059 
-2.825154163083136 13.069183530280059 3 -65.98783604074423 -2.7598082454317354 13.223188724433607 
-2.7598082454317354 13.223188724433607 3 -64.56797976196378 -2.6936923018095675 13.339542826809394 
-2.6936923018095675 13.339542826809394 3 -63.07423136696883 -2.6269945876755205 13.419078495718573 
-2.6269945876755205 13.419078495718573 3 -61.512669585808055 -2.5598991951969277 13.462912252394132 
-2.5598991951969277 13.462912252394132 3 -59.89042007941579 -2.492584633934957 13.472430798240264 
-2.492584633934957 13.472430798240264 3 -58.2155299479806 -2.4252224799437556 13.449271663792636 
-2.4252224799437556 13.449271663792636 0 -47.49681121477226 -2.3579761216247923 12.952201576277462 
-2.3579761216247923 12.952201576277462 0 -44.57620951801593 -2.293215113743405 12.429922413198408 
-2.293215113743405 12.429922413198408 3 -50.7444749093191 -2.231065501677413 12.328599260581996 
-2.231065501677413 12.328599260581996 3 -49.08770233667773 -2.169422505374503 12.204583593476295 
-2.169422505374503 12.204583593476295 3 -47.427156103142 -2.1083995874071215 12.06003533536298 
-2.1083995874071215 12.06003533536298 3 -45.771189329912964 -2.0480994107303068 11.897168513230351 
-2.0480994107303068 11.897168513230351 3 -44.12781784438912 -1.988613568164155 11.718223250575866 
-1.988613568164155 11.718223250575866 3 -42.50459523246654 -1.9300224519112756 11.525439303620947 
-1.9300224519112756 11.525439303620947 3 -40.90850843855311 -1.8723952553931709 11.321031700772572 
-1.8723952553931709 11.321031700772572 3 -39.34589583908404 -1.815790096889308 11.10716891855002 
-1.815790096889308 11.10716891855002 3 -37.822388518326775 -1.7602542522965579 10.885953896452463 
-1.7602542522965579 10.885953896452463 0 -27.342874387209427 -1.7058244828142954 10.21631079413171 
-1.7058244828142954 10.21631079413171 3 -33.9864864550725 -1.6547429288436368 9.989903834340215 
-1.6547429288436368 9.989903834340215 3 -32.67068866472662 -1.6047934096719358 9.761996263047767 
-1.6047934096719358 9.761996263047767 3 -31.406466542608243 -1.5559834283566971 9.534164648523834 
-1.5559834283566971 9.534164648523834 3 -30.195451701119467 -1.508312605114078 9.307876885603433 
-1.508312605114078 9.307876885603433 3 -29.03869178548515 -1.461773220686061 9.084490915508066 
-1.461773220686061 9.084490915508066 0 -18.936702262969355 -1.4163507661085206 8.422158074487472 
-1.4163507661085206 8.422158074487472 3 -26.123522126446417 -1.3742399757360833 8.211757093985847 
-1.3742399757360833 8.211757093985847 0 -16.185973011618245 -1.3331811902661541 7.5643024483759 
-1.3331811902661541 7.5643024483759 3 -23.608727583447962 -1.2953596780242747 7.3703673629505815 
-1.2953596780242747 7.3703673629505815 3 -22.822014983740473 -1.2585078412095216 7.183675133590492 
-1.2585078412095216 7.183675133590492 3 -22.079728774425888 -1.2225894655415692 7.004807355360569 
-1.2225894655415692 7.004807355360569 0 -12.380357614837452 -1.1875654287647663 6.391181586393937 
-1.1875654287647663 6.391181586393937 3 -20.13627844501231 -1.1556095208327966 6.232989076274634 
-1.1556095208327966 6.232989076274634 3 -19.56218210569292 -1.1244445754514234 6.083429407571062 
-1.1244445754514234 6.083429407571062 3 -19.0226893520007 -1.0940274284135683 5.942785113964769 
-1.0940274284135683 5.942785113964769 0 -9.516149561682152 -1.0643135028437447 5.368203597142933 
-1.0643135028437447 5.368203597142933 3 -17.54557714771544 -1.0374724848580303 5.249633927399576 
-1.0374724848580303 5.249633927399576 3 -17.137611421357953 -1.0112243152210327 5.139922344724203 
-1.0112243152210327 5.139922344724203 3 -16.754753249450747 -0.9855247034974117 5.039179258106875 
-0.9855247034974117 5.039179258106875 3 -16.39562746555176 -0.9603288072068774 4.947499474451945 
-0.9603288072068774 4.947499474451945 3 -16.05893219472715 -0.9355913098346176 4.864965749455412 
-0.9355913098346176 4.864965749455412 3 -15.743444669527703 -0.9112664810873405 4.791652119220127 
-0.9112664810873405 4.791652119220127 3 -15.448026000929197 -0.8873082204912399 4.727627021696366 
-0.8873082204912399 4.727627021696366 3 -15.17162511638402 -0.8636700853827581 4.672956219364768 
-0.8636700853827581 4.672956219364768 3 -14.913282064735291 -0.8403053042859341 4.627705536265323 
-0.8403053042859341 4.627705536265323 3 -14.672130875093455 -0.8171667766046076 4.591943423613811 
-0.8171667766046076 4.591943423613811 3 -14.447402144498836 -0.7942070594865385 4.565743368919546 
-0.7942070594865385 4.565743368919546 0 -5.238425517774551 -0.7713783426419409 4.106088891821986 
-0.7713783426419409 4.106088891821986 3 -13.661119336239528 -0.750847898182831 4.1028074272948105 
-0.750847898182831 4.1028074272948105 3 -13.50216570957442 -0.7303338610463568 4.1083705649196745 
-0.7303338610463568 4.1083705649196745 0 -4.354808612824236 -0.7097920082217586 3.6797736554251284 
-0.7097920082217586 3.6797736554251284 3 -12.873096890193466 -0.6913931399446329 3.706861492991597 
-0.6913931399446329 3.706861492991597 3 -12.764204582634882 -0.6728588324796752 3.742076435995817 
-0.6728588324796752 3.742076435995817 3 -12.664008647513073 -0.6541484502996959 3.7855443762126857 
-0.6541484502996959 3.7855443762126857 3 -12.572585597575017 -0.6352207284186324 3.8374092124007766 
-0.6352207284186324 3.8374092124007766 3 -12.490097815405324 -0.6160336823566288 3.897833945790732 
-0.6160336823566288 3.897833945790732 3 -12.416798435885195 -0.5965445126276752 3.967001785131462 
-0.5965445126276752 3.967001785131462 3 -12.353037094054573 -0.576709503702018 4.045117265895087 
-0.576709503702018 4.045117265895087 3 -12.299266627785393 -0.5564839173725424 4.132407387080396 
-0.5564839173725424 4.132407387080396 3 -12.256050832751116 -0.5358218804371404 4.229122767720184 
-0.5358218804371404 4.229122767720184 3 -12.22407337622089 -0.5146762665985394 4.335538823646355 
-0.5146762665985394 4.335538823646355 0 -3.2041479861335365 -0.49299857248030765 4.008859691269927 
-0.49299857248030765 4.008859691269927 0 -2.822333564766987 -0.47295427402395784 3.696053908487737 
-0.47295427402395784 3.696053908487737 0 -2.4845101760323924 -0.454474004481519 3.396279522299719 
-0.454474004481519 3.396279522299719 3 -11.186204563106578 -0.43749260687002023 3.5518042266467393 
-0.43749260687002023 3.5518042266467393 3 -11.218530231772196 -0.41973358573678654 3.7151737733417463 
-0.41973358573678654 3.7151737733417463 0 -2.261133031589937 -0.40115771687007795 3.4437218314730056 
-0.40115771687007795 3.4437218314730056 0 -1.9905595742784472 -0.3839391077127128 3.184544426066114 
-0.3839391077127128 3.184544426066114 3 -10.751178512315047 -0.36801638558238237 3.3799738780826343 
-0.36801638558238237 3.3799738780826343 0 -1.8196026419377 -0.3511165161919694 3.1395293916879656 
-0.3511165161919694 3.1395293916879656 0 -1.6020785198411882 -0.33541886923352937 2.910391451022393 
-0.33541886923352937 2.910391451022393 3 -10.409566929007921 -0.3208669119784173 3.1349516202231205 
-0.3208669119784173 3.1349516202231205 0 -1.497570042126784 -0.3051921538773019 2.9227909780885053 
-0.3051921538773019 2.9227909780885053 0 -1.31998196410089 -0.29057819898685944 2.7211732664053105 
-0.29057819898685944 2.7211732664053105 0 -1.1626568432121291 -0.2769723326548328 2.5294549800044694 
-0.2769723326548328 2.5294549800044694 0 -1.023382614868238 -0.2643250577548102 2.347017957448461 
-0.2643250577548102 2.347017957448461 0 -0.9001880100439734 -0.25258996796756783 2.1732690424533208 
-0.25258996796756783 2.1732690424533208 0 -0.7913182926778821 -0.24172362275530102 2.0076395422584663 
-0.24172362275530102 2.0076395422584663 0 -0.6952132021537138 -0.23168542504400857 1.8495845273693132 
-0.23168542504400857 1.8495845273693132 0 -0.6104869732775111 -0.22243750240716187 1.698582009582053 
-0.22243750240716187 1.698582009582053 0 -0.5359102967132612 -0.21394459235925156 1.5541320287931932 
-0.21394459235925156 1.5541320287931932 0 -0.4703940792909163 -0.20617393221528557 1.4157556736583525 
-0.20617393221528557 1.4157556736583525 3 -9.412974864375148 -0.1990951538469936 1.7260913285429742 
-0.1990951538469936 1.7260913285429742 0 -0.49613352887391526 -0.19046469720427872 1.5949618778517383 
-0.19046469720427872 1.5949618778517383 0 -0.4357743435856222 -0.18248988781502007 1.4699037860450168 
-0.18248988781502007 1.4699037860450168 0 -0.38257450979664054 -0.175140368884795 1.3504943670515386 
-0.175140368884795 1.3504943670515386 0 -0.33575424760930395 -0.16838789704953738 1.2363300232665337 
-0.16838789704953738 1.2363300232665337 0 -0.29462361200685083 -0.16220624693320485 1.1270252126072204 
-0.16220624693320485 1.1270252126072204 0 -0.25857291570601415 -0.15657112087016856 1.0222114203438168 
-0.15657112087016856 1.0222114203438168 0 -0.227064198240837 -0.15146006376844934 0.9215361423985222 
-0.15146006376844934 0.9215361423985222 3 -9.19962364075839 -0.14685238305645676 1.2677591571822893 
-0.14685238305645676 1.2677591571822893 3 -9.268549440108757 -0.14051358727054541 1.6139170762128987 
-0.14051358727054541 1.6139170762128987 0 -0.35919317392734507 -0.13244400188948102 1.5179316810197563 
-0.13244400188948102 1.5179316810197563 0 -0.3181187270068506 -0.12485434348438229 1.4274562417852177 
-0.12485434348438229 1.4274562417852177 0 -0.2817061676557384 -0.1177170622754562 1.3421693107656305 
-0.1177170622754562 1.3421693107656305 0 -0.24942837962992698 -0.11100621572162783 1.261767149889735 
-0.11100621572162783 1.261767149889735 0 -0.22081753369826937 -0.10469737997217932 1.1859628339050376 
-0.10469737997217932 1.1859628339050376 0 -0.19545849120560127 -0.09876756580265411 1.1144853806552815 
-0.09876756580265411 1.1144853806552815 0 -0.17298292664234283 -0.09319513889937792 1.0470789109413223 
-0.09319513889937792 1.0470789109413223 0 -0.15306409414617828 -0.08795974434467135 0.9835018396127229 
-0.08795974434467135 0.9835018396127229 0 -0.13541216997806074 -0.0830422351466078 0.9235260988851183 
-0.0830422351466078 0.9235260988851183 0 -0.11977010962291906 -0.07842460465218215 0.8669363943533817 
-0.07842460465218215 0.8669363943533817 0 -0.10590996425969956 -0.07408992268041503 0.813529493751336 
-0.07408992268041503 0.813529493751336 0 -0.09362960693427991 -0.07002227521165816 0.7631135481770904 
-0.07002227521165816 0.7631135481770904 0 -0.08274982387022883 -0.06620670747077284 0.7155074452438405 
-0.06620670747077284 0.7155074452438405 0 -0.07311173099053919 -0.06262917024455383 0.6705401934163944 
-0.06262917024455383 0.6705401934163944 0 -0.0645744799262961 -0.059276469277471655 0.6280503366431097 
-0.059276469277471655 0.6280503366431097 0 -0.05701322158576755 -0.05613621759425591 0.5878853982824341 
-0.05613621759425591 0.5878853982824341 0 -0.05031729878031786 -0.05319679060284388 0.5499013532454039 
-0.05319679060284388 0.5499013532454039 0 -0.04438864248232675 -0.05044728383661701 0.5139621272240859 
-0.05044728383661701 0.5139621272240859 0 -0.03914034905453174 -0.047877473200496734 0.4799391218459064 
-0.047877473200496734 0.4799391218459064 0 -0.034495418268143396 -0.045477777591267365 0.44771076458083386 
-0.045477777591267365 0.44771076458083386 0 -0.030385634145359386 -0.0432392237683632 0.4171620822289499 
-0.0432392237683632 0.4171620822289499 0 -0.026750572645412245 -0.04115341335721823 0.3881842968271403 
-0.04115341335721823 0.3881842968271403 0 -0.023536721985068475 -0.03921249187308273 0.36067444283305977 
-0.03921249187308273 0.36067444283305977 0 -0.020696702965776706 -0.037409119658917245 0.3345350044702148 
-0.037409119658917245 0.3345350044702148 0 -0.018188578089864606 -0.03573644463656622 0.30967357214834373 
-0.03573644463656622 0.30967357214834373 0 -0.01597523950502336 -0.034188076775824694 0.28600251690693634 
-0.034188076775824694 0.28600251690693634 0 -0.01402386693585866 -0.032758064191289904 0.26343868186566816 
-0.032758064191289904 0.26343868186566816 3 -9.012305447758115 -0.03144087078196156 0.6850003616785965 
-0.03144087078196156 0.6850003616785965 0 -0.05186519132762082 -0.02801586897356856 0.6608752835435312 
-0.02801586897356856 0.6608752835435312 -3 -9.047600058611595 -0.0247114925558507 0.19587670781584754 
-0.0247114925558507 0.19587670781584754 0 -0.006890057788166814 -0.023732109016771474 0.17965271154452025 
-0.023732109016771474 0.17965271154452025 0 -0.00604357466844949 -0.022833845459048874 0.1641392513706262 
-0.022833845459048874 0.1641392513706262 3 -9.005301091876289 -0.02201314920219577 0.5923798221914189 
-0.02201314920219577 0.5923798221914189 -3 -9.037514279062945 -0.019051250091238536 0.13148871087193414 
-0.019051250091238536 0.13148871087193414 0 -0.0035436787588708912 -0.01839380653687872 0.11913648482079085 
-0.01839380653687872 0.11913648482079085 0 -0.0031110107961260644 -0.017798124112774705 0.10727295930947298 
-0.017798124112774705 0.10727295930947298 0 -0.0027346148895698464 -0.0172617593162272 0.09585759948274059 
-0.0172617593162272 0.09585759948274059 0 -0.0024087096113161333 -0.016782471318813386 0.08485164258252977 
-0.016782471318813386 0.08485164258252977 0 -0.0021282368427293073 -0.0163582131059008 0.07421796380390525 
-0.0163582131059008 0.07421796380390525 0 -0.0018887862952101022 -0.015987123286881122 0.06392094843966858 
-0.015987123286881122 0.06392094843966858 0 -0.0016865293198923602 -0.015667518544682846 0.05392636987230763 
-0.015667518544682846 0.05392636987230763 0 -0.0015181610235003972 -0.015397886695321272 0.044201272993060106 
-0.015397886695321272 0.044201272993060106 0 -0.0013808498268304617 -0.015176880330356024 0.03471386264766532 
-0.015176880330356024 0.03471386264766532 0 -0.0012721937088018352 -0.015003311017117493 0.025433396726925316 
-0.015003311017117493 0.025433396726925316 0 -0.0011901824742887135 -0.01487614403348303 0.016330083537546378 
-0.01487614403348303 0.016330083537546378 0 -0.001133165469358988 -0.014794493615795101 0.007374983104916582 
-0.014794493615795101 0.007374983104916582 0 -0.0010998242443187906 -0.01475761870027048 -0.0014600879254500973 
211 -5189.211259268396 
