-3.141592653589793 0 -3 
-3.141592653589793 -0.443097271975751 -3 
3.139377167229915 -0.8826518902983006 -3 
3.134963907778424 -1.3173779038999196 -3 
3.1283770182589237 -1.7460101766375056 -3 
3.1196469673757363 -2.1673081546141404 -3 
3.108810426602666 -2.5800597228071593 -3 
3.0959101279886303 -2.983085215598285 -3 
3.0809947019106385 -3.375241631017624 0 
3.064118493755551 -3.312329808937447 -3 
3.047556844710863 -3.6830308711233526 -3 
3.029141690355246 -4.040979574060394 -3 
3.0089367924849437 -4.385200443373533 -3 
2.9870107902680765 -4.714773296527984 0 
2.963436923785437 -4.585741048023701 0 
2.940508218545318 -4.443949300066529 0 
2.9182884720449858 -4.289933474958364 -3 
2.8968388046701943 -4.567360961742637 -3 
2.8740019998614805 -4.83019303873765 -3 
2.8498510346677923 -5.0778187874844365 -3 
2.8244619407303695 -5.309694789513745 -3 
2.7979134667828003 -5.525348479957513 -3 
2.7702867243830127 -5.7243811151345945 0 
2.7416648188073403 -5.463373000611837 -3 
2.714347953804281 -5.631817187452522 -3 
2.6861888678670187 -5.784076426702696 -3 
2.657268485733505 -5.920014738525509 -3 
2.6276684120408778 -6.039569728717703 -3 
2.597470563397289 -6.142752198473249 -3 
2.5667568024049228 -6.2296450883033 -3 
2.5356085769634067 -6.300401749859261 -3 
2.5041065682141106 -6.355243554330537 -3 
2.4723303504424585 -6.3944568611044765 -3 
2.4403580661369357 -6.4183893849037315 3 
2.408266119212417 -5.541251469151414 -3 
2.3805598618666597 -5.542974900228869 -3 
2.352844987365515 -5.532627367887168 -3 
2.3251818505260786 -5.510615820671811 -3 
2.297628771422719 -5.477377792185356 -3 
2.270241882461792 -5.4333772008615755 -3 
2.2430749964574836 -5.379100083081435 -3 
2.216179496042077 -5.315050316472156 -3 
2.1896042444597157 -5.241745388063278 -3 
2.1633955175193993 -5.159712258638329 -3 
2.137596956226208 -5.069483370291147 3 
2.1122495393747522 -4.085398295117092 -3 
2.0918225478991666 -3.987463632220231 0 
2.071885229738065 -3.4410759276733054 0 
2.0546798500996983 -2.893272085538276 3 
2.0402134896720074 -1.9019249611502564 0 
2.030703864866256 -1.357663803581168 0 
2.02391554584835 -0.8152261398116223 3 
2.019839415149292 0.16774707189523186 0 
2.0206781505087683 0.7008180611810327 0 
2.0241822408146737 1.2294108593280904 0 
2.030329295111314 1.7528702278514623 0 
2.0390936462505715 2.2705371244673636 0 
2.0504463318729087 2.7817387737996158 3 
2.064355025741907 3.7288766750121334 -3 
2.082999409116968 3.778389133530958 0 
2.101891354784623 4.265272563296493 0 
2.123217717601106 4.742678713351183 0 
2.146931111167862 5.209744480750299 0 
2.1729798335716133 5.6655528517575355 -3 
2.201307597830401 5.666033438263003 0 
2.2296377650217156 6.099893698099043 0 
2.2601372335122107 6.520186043976861 0 
2.2927381637320945 6.925825096875192 0 
2.32736728921647 7.315679374546728 3 
2.3639456860892043 8.131674189040101 0 
2.4046040570344047 8.482867470750412 0 
2.4470183943881567 8.813726937521881 0 
2.491087029075766 9.122956427746521 0 
2.536701811214499 9.409265456464459 0 
2.583748138496821 9.671385652796893 3 
2.632105066760806 10.351185721091626 0 
2.683860995366264 10.55775826893305 0 
2.736649786710929 10.735500402964814 3 
2.790327288725753 11.326474793350958 3 
2.846959662692508 11.883134243648994 3 
2.906375333910753 12.403488517675722 3 
2.9683927764991314 12.88567042589429 0 
3.032821128628603 12.884879982374173 3 
3.0972455285404745 13.289358549790437 0 
-3.11949298589016 13.209406490733539 3 
-3.0534459534364924 13.533782892755541 3 
-2.9857770389727145 13.816451873804613 3 
-2.9166947796036915 14.057024016261462 3 
-2.8464096595223842 14.25543983570151 3 
-2.7751324603438765 14.411984651219068 3 
-2.703072537087781 14.527295859553732 3 
-2.6304360577900123 14.602362096994467 3 
-2.55742424730504 14.638514140581398 3 
-2.4842316766021333 14.637407781701247 3 
-2.411044637693627 14.600999273742682 0 
-2.338039641324914 14.088417012990009 3 
-2.2675975562599637 13.991856937401979 3 
-2.197638271572954 13.868144703324681 3 
-2.1282975480563304 13.719921873264177 3 
-2.0596979386900096 13.549928922856461 0 
-1.9919482940757274 12.917868405040139 3 
-1.9273589520505268 12.71629876314772 0 
-1.8637774582347881 12.058719227359152 3 
-1.8034838620979923 11.837460947947989 0 
-1.7442965573582523 11.16558274335048 0 
-1.6884686436415 10.491995418563757 0 
-1.6360086665486813 9.818989620276986 3 
-1.5869137184472963 9.59162047808659 3 
-1.5389556160568634 9.364885311311628 3 
-1.4921311895003053 9.14018657785064 0 
-1.446430256611052 8.475720941251318 3 
-1.4040516519047954 8.26241232359192 3 
-1.3627395902868358 8.054455225578819 0 
-1.3224673141589416 7.409629031064254 3 
-1.2854191690036203 7.218459695142643 3 
-1.249326870527907 7.034613948901695 3 
-1.2141538007833985 6.858635038092704 3 
-1.179860625592935 6.691002544898862 3 
-1.1464056128684406 6.532138275835006 3 
-1.1137449214892658 6.382412144811235 3 
-1.0818328607652097 6.242147976928727 3 
-1.0506221208805657 6.111629174201314 3 
-1.0200639750095593 5.991104198424421 3 
-0.9901084540174372 5.880791838767149 3 
-0.9607044948236014 5.780886242344013 0 
-0.9318000636118815 5.248464423111602 3 
-0.9055577414963234 5.173422529463253 3 
-0.8796906288490072 5.10842782163244 3 
-0.8541484897408451 5.053579465421448 3 
-0.8288805924137379 5.008975518159411 3 
-0.8038357148229407 4.974715930791772 3 
-0.7789621351689817 4.950905369997348 0 
-0.7542076083189952 4.494558603993403 3 
-0.7317348152990282 4.495534753277643 3 
-0.7092571415326399 4.506320934469083 3 
-0.6867255368602945 4.527041079558404 3 
-0.6640903314625026 4.5578356975407 3 
-0.6413011529747994 4.598863567900079 3 
-0.6183068351352992 4.650303384830521 3 
-0.5950553182111467 4.712355360793917 0 
-0.5714935414071771 4.342145524310249 0 
-0.549782813785626 3.986561730394055 3 
-0.5298500051336559 4.087825637785449 0 
-0.5094108769447288 3.755325649731386 3 
-0.49063424869607175 3.8791056468875054 0 
-0.4712387204616344 3.5685736066949136 0 
-0.4533958524281596 3.2707248368012647 3 
-0.4370422282441533 3.427828189088109 0 
-0.41990308729871284 3.149333714533102 3 
-0.40415641872604713 3.3254112315759268 0 
-0.3875293625681673 3.0655431176883314 3 
-0.3722016469797258 3.259950684636904 0 
-0.35590189355654145 3.018151133685558 0 
-0.3408111378881138 2.7873203867483003 3 
-0.3268745359543721 3.0098468346240015 0 
-0.31182530178125223 2.795307860657997 3 
-0.2978487624779622 3.034057527109058 0 
-0.2826784748424167 2.8357099439913958 0 
-0.2684999251224598 2.6475710070616714 0 
-0.2552620700871513 2.4690298565517113 0 
-0.24291692080439287 2.2995013672731117 0 
-0.23141941396802723 2.1384256478241346 0 
-0.22072728572890643 1.9852673781646142 0 
-0.21080094883808354 1.8395150233513762 3 
-0.20160337372132675 2.1437772266588815 0 
-0.19088448758803223 2.00785012227039 0 
-0.1808452369766802 1.8792463883346824 0 
-0.1714490050350066 1.757523779588246 0 
-0.16266138613706538 1.642262152213805 0 
-0.1544500753759963 1.5330624901250511 0 
-0.14678476292537113 1.4295459208493928 0 
-0.1396370333211241 1.3313527317353464 0 
-0.13298026966244736 1.2381413949391542 0 
-0.12678956268775154 1.1495876077584697 0 
-0.12104162464895918 1.065383353319741 0 
-0.11571470788236038 0.9852359853389374 0 
-0.11078852795566574 0.9088673396186624 0 
-0.10624419125757223 0.8360128740811374 0 
-0.10206412688716648 0.7664208384343396 0 
-0.09823202269499465 0.6998514740008964 0 
-0.09473276532499009 0.6360762437835346 0 
-0.09155238410607236 0.5748770924778658 0 
-0.08867799864368298 0.5160457358570375 0 
-0.08609776996439766 0.4593829787298186 3 
-0.08380085507074853 0.8477953324785352 0 
-0.07956187840835582 0.7913626455715419 0 
-0.07560506518049825 0.7378874200569083 0 
-0.07191562808021379 0.6871799483111081 0 
-0.06847972833865823 0.6390605980293914 0 
-0.0652844253485112 0.5933592040086604 0 
-0.06231762932846774 0.5499144889163613 0 
-0.05956805688388611 0.5085735119597338 0 
-0.0570251893240874 0.4691911443081607 0 
-0.054679233602546784 0.43162957008270175 0 
-0.052521085752133434 0.3957578117066026 0 
-0.05054229669360044 0.3614512784049016 0 
-0.04873504030157605 0.32859133664707063 0 
-0.04709208361834083 0.29706490134137997 0 
-0.04560675911163381 0.2667640466112413 0 
-0.04427293887857742 0.23758563501043456 0 
-0.04308501070352522 0.2094309640644466 0 
-0.04203785588320308 0.18220542905799156 0 
-0.04112682873791318 0.15581820102320906 0 
-0.040347737732797206 0.13018191891829692 0 
-0.03969682813820574 0.1052123950218268 0 
-0.03917076616309645 0.08082833260323938 0 
-0.03876662450008039 0.05695105496463973 0 
-0.03848186922525709 0.03350424498272873 0 
-0.03831434800034339 0.010413694312290032 0 
-0.03826227952878192 -0.012392938556062827 3 
-0.03832424422156233 0.40811090981445713 0 
-0.03628368967248985 0.3821187397130172 0 
-0.034373095973924794 0.3575440428735722 0 
-0.03258537575955689 0.33429852557683093 0 
-0.030913883131672648 0.3122987824110946 0 
-0.029352389219617248 0.2914659989231257 0 
-0.027895059225001795 0.2717256705473699 0 
-0.026536430872265093 0.25300733690038346 0 
-0.025271394187763363 0.2352443305665343 0 
-0.024095172534930764 0.21837353953994565 0 
-0.02300330483723112 0.20233518252590982 0 
-0.021991628924601603 0.18707259634235968 0 
-0.021056265942889674 0.17253203469826112 0 
-0.020193605769398548 0.15866247766083555 0 
-0.01940029338109417 0.14541545115724014 0 
-0.018673216125308034 0.13274485588865978 0 
-0.018009491845864645 0.12060680506565073 0 
-0.017406457820536403 0.10895947040301793 0 
-0.016861660468521222 0.09776293584048273 0 
-0.016372845789318635 0.0869790584819389 0 
-0.015937950496908826 0.07657133627120405 0 
-0.015555093815552645 0.06650478194589435 0 
-0.015222569905823047 0.05674580283340821 0 
-0.014938840891656202 0.04726208607404265 0 
-0.014702530461285779 0.03802248887602498 0 
-0.014512418016905837 0.028996933425766105 0 
-0.01436743334977697 0.020156306093969525 0 
-0.014266651819307086 0.011472360594419266 0 
-0.014209290016335085 0.0029176247673433475 0 
-0.014194701892498163 -0.0055346893267259716 3 
239 -5516.13989054981 
